11111111111111111111111
10000000000100000000001
10111011110101111011101
10111011110101111011101
10000000110101100000001
10111010000000001011101
10000010111111101000001
11111010000100001011111
00001011110101111010000
00001010000000001010000
11111010111011101011111
00000000100000100000000
11111010111111101011111
00001010000000001010000
11111010111111101011111
10000000000100000000001
10111011110101111011101
10001000000000000010001
11101010111111101010111
10000010000100001000001
10111111110101111111101
10000000000000000000001
11111111111111111111111