111111111111111
100000010000001
101111010110101
101000010010101
101010011010001
100000000000111
000011100010000
111010101110101
000011100010000
100000000000111
101010011010001
101000010010101
101111010110101
100000010000001
111111111111111



1111111111111111
000000100000011
011110101101011
010000100101011
010100110100011
00000000000111
000011100010000
111010101110101
000011100010000
1000000000001111
010100110100011
010000100101011
011110101101011
0000001000000
1111111111111111



PFAFBADAAABAAABAADABAAAABAAAABBAACBKCDCCADCAAAAACAAAADCCADAKDAAAABBAACBAADABAAAABADAAABAAABFAFP

PFAFBADAAABAAABAADABAAAABAAAABBAACBKCDCCADCAAAAACAA









111111111111111
100000010000001
101111010110101
101000010010101
101011011010001
100000000000111
111010101110101
000011100010000


PFAFBADAAABAAABAADABAAAABAAABABAACBKFAAAAACAAAADCCAD

























